0,1,2,3,4,5,6,7,8,9,10,11,12,13,14,15,16,17,18,19,20,21,22,23,24,25,26,27,28,29,30,31,32,33,34,35,36,37,38,39,40,41,42,43,44,45,46,47,48,49,50,51,52,53,54,55,56,57,58,59,60,61,62,63,64,65,66,67,68,69,70,71,72,73,74,75,76,77,78,79,80,81,82,83,84,85,86,87,88,89,90,91,92,93,94,95,96,97,98,99,100,101,102,103,104,105,106,107,108,109,110,111,112,113,114,115,116,117,118,119,120,121,122,123,124,125,126,127,128,129,130,131,132,133,134,135,136,137,138,139,140,141,142,143,144,145,146,147,148,149,150,151,152,153,154,155,156,157,158,159,160,161,162,163,164,165,166,167,168,169,170,171,172,173,174,175,176,177,178,179,180,181,182,183,184,185,186,187,188,189,190,191,192,193,194,195,196,197,198,199,200,201,202,203,204,205,206,207,208,209,210,211,212,213,214,215,216,217,218,219,220,221,222,223,224,225,226,227,228,229,230,231,232,233,234,235,236,237,238,239,240,241,242,243,244,245,246,247,248,249,250,251,252,253,254,255,256,257,258,259,260,261,262,263,264,265,266,267,268,269,270,271,272,273,274,275,276,277,278,279,280,281,282,283,284,285,286,287,288,289,290,291,292,293,294,295,296,297,298,299,300,301,302,303,304,305,306,307,308,309,310,311,312,313,314,315,316,317,318,319,320,321,322,323,324,325,326,327,328,329,330,331,332,333,334,335,336,337,338,339,340,341,342,343,344,345,346,347,348,349,350,351,352,353,354,355,356,357,358,359,360,361,362,363,364,365,366,367,368,369,370,371,372,373,374,375,376,377,378,379,380,381,382,383,384,385,386,387,388,389,390,391,392,393,394,395,396,397,398,399
-0.5,-0.48645431042515863,-0.4472851273490984,-0.38673703953060673,-0.3113713717851998,-0.22935516363191694,-0.14957614383675769,-0.08067960709356478,-0.03013156219837776,-0.0034096741493194194,-0.0034096741493193916,-0.03013156219837773,-0.08067960709356464,-0.14957614383675755,-0.22935516363191683,-0.3113713717851997,-0.3867370395306067,-0.4472851273490983,-0.48645431042515863,-0.5,-0.48645431042515863,-0.4729086208503173,-0.43373943777425705,-0.3731913499557654,-0.2978256822103585,-0.2158094740570756,-0.13603045426191634,-0.06713391751872344,-0.01658587262353642,0.010136015425521921,0.01013601542552195,-0.01658587262353639,-0.0671339175187233,-0.13603045426191618,-0.21580947405707548,-0.2978256822103584,-0.3731913499557653,-0.433739437774257,-0.4729086208503173,-0.48645431042515863,-0.4472851273490984,-0.43373943777425705,-0.3945702546981968,-0.3340221668797051,-0.2586564991342982,-0.17664029098101533,-0.09686127118585608,-0.027964734442663175,0.022583310452523847,0.04930519850158219,0.049305198501582215,0.022583310452523875,-0.027964734442663036,-0.09686127118585593,-0.17664029098101522,-0.2586564991342981,-0.33402216687970504,-0.39457025469819673,-0.43373943777425705,-0.4472851273490984,-0.38673703953060673,-0.3731913499557654,-0.3340221668797051,-0.27347407906121346,-0.19810841131580653,-0.11609220316252367,-0.036313183367364416,0.03258335337582849,0.08313139827101551,0.10985328632007385,0.10985328632007388,0.08313139827101554,0.03258335337582863,-0.03631318336736426,-0.11609220316252354,-0.19810841131580642,-0.27347407906121335,-0.3340221668797051,-0.3731913499557654,-0.38673703953060673,-0.3113713717851998,-0.2978256822103585,-0.2586564991342982,-0.19810841131580653,-0.12274274357039962,-0.04072653541711674,0.039052484378042505,0.10794902112123542,0.15849706601642244,0.18521895406548078,0.1852189540654808,0.15849706601642247,0.10794902112123556,0.03905248437804266,-0.04072653541711663,-0.1227427435703995,-0.19810841131580645,-0.25865649913429817,-0.2978256822103585,-0.3113713717851998,-0.22935516363191694,-0.2158094740570756,-0.17664029098101533,-0.11609220316252367,-0.04072653541711674,0.041289672736166134,0.12106869253132538,0.18996522927451828,0.2405132741697053,0.26723516221876364,0.2672351622187637,0.24051327416970533,0.18996522927451842,0.12106869253132553,0.04128967273616625,-0.04072653541711663,-0.11609220316252358,-0.17664029098101527,-0.2158094740570756,-0.22935516363191694,-0.14957614383675769,-0.13603045426191634,-0.09686127118585608,-0.036313183367364416,0.039052484378042505,0.12106869253132538,0.20084771232648463,0.26974424906967753,0.3202922939648646,0.34701418201392287,0.3470141820139229,0.3202922939648646,0.26974424906967764,0.2008477123264848,0.1210686925313255,0.039052484378042616,-0.03631318336736433,-0.09686127118585602,-0.13603045426191634,-0.14957614383675769,-0.08067960709356478,-0.06713391751872344,-0.027964734442663175,0.03258335337582849,0.10794902112123542,0.18996522927451828,0.26974424906967753,0.33864078581287044,0.38918883070805743,0.4159107187571158,0.4159107187571158,0.3891888307080575,0.3386407858128706,0.2697442490696777,0.1899652292745184,0.10794902112123553,0.03258335337582857,-0.02796473444266312,-0.06713391751872344,-0.08067960709356478,-0.03013156219837776,-0.01658587262353642,0.022583310452523847,0.08313139827101551,0.15849706601642244,0.2405132741697053,0.3202922939648646,0.38918883070805743,0.4397368756032445,0.4664587636523028,0.4664587636523029,0.4397368756032445,0.3891888307080576,0.3202922939648647,0.24051327416970542,0.15849706601642255,0.0831313982710156,0.022583310452523903,-0.01658587262353642,-0.03013156219837776,-0.0034096741493194194,0.010136015425521921,0.04930519850158219,0.10985328632007385,0.18521895406548078,0.26723516221876364,0.34701418201392287,0.4159107187571158,0.4664587636523028,0.49318065170136116,0.49318065170136116,0.4664587636523029,0.41591071875711594,0.34701418201392303,0.26723516221876376,0.1852189540654809,0.10985328632007393,0.04930519850158224,0.010136015425521921,-0.0034096741493194194,-0.0034096741493193916,0.01013601542552195,0.049305198501582215,0.10985328632007388,0.1852189540654808,0.2672351622187637,0.3470141820139229,0.4159107187571158,0.4664587636523029,0.49318065170136116,0.4931806517013612,0.4664587636523029,0.41591071875711594,0.3470141820139231,0.2672351622187638,0.18521895406548092,0.10985328632007396,0.04930519850158227,0.01013601542552195,-0.0034096741493193916,-0.03013156219837773,-0.01658587262353639,0.022583310452523875,0.08313139827101554,0.15849706601642247,0.24051327416970533,0.3202922939648646,0.3891888307080575,0.4397368756032445,0.4664587636523029,0.4664587636523029,0.43973687560324454,0.38918883070805765,0.32029229396486475,0.24051327416970544,0.15849706601642258,0.08313139827101562,0.02258331045252393,-0.01658587262353639,-0.03013156219837773,-0.08067960709356464,-0.0671339175187233,-0.027964734442663036,0.03258335337582863,0.10794902112123556,0.18996522927451842,0.26974424906967764,0.3386407858128706,0.3891888307080576,0.41591071875711594,0.41591071875711594,0.38918883070805765,0.3386407858128707,0.2697442490696778,0.18996522927451853,0.10794902112123567,0.03258335337582871,-0.02796473444266298,-0.0671339175187233,-0.08067960709356464,-0.14957614383675755,-0.13603045426191618,-0.09686127118585593,-0.03631318336736426,0.03905248437804266,0.12106869253132553,0.2008477123264848,0.2697442490696777,0.3202922939648647,0.34701418201392303,0.3470141820139231,0.32029229396486475,0.2697442490696778,0.20084771232648493,0.12106869253132566,0.03905248437804277,-0.03631318336736418,-0.09686127118585587,-0.13603045426191618,-0.14957614383675755,-0.22935516363191683,-0.21580947405707548,-0.17664029098101522,-0.11609220316252354,-0.04072653541711663,0.04128967273616625,0.1210686925313255,0.1899652292745184,0.24051327416970542,0.26723516221876376,0.2672351622187638,0.24051327416970544,0.18996522927451853,0.12106869253132566,0.04128967273616637,-0.040726535417116516,-0.11609220316252346,-0.17664029098101516,-0.21580947405707548,-0.22935516363191683,-0.3113713717851997,-0.2978256822103584,-0.2586564991342981,-0.19810841131580642,-0.1227427435703995,-0.04072653541711663,0.039052484378042616,0.10794902112123553,0.15849706601642255,0.1852189540654809,0.18521895406548092,0.15849706601642258,0.10794902112123567,0.03905248437804277,-0.040726535417116516,-0.1227427435703994,-0.19810841131580634,-0.25865649913429806,-0.2978256822103584,-0.3113713717851997,-0.3867370395306067,-0.3731913499557653,-0.33402216687970504,-0.27347407906121335,-0.19810841131580645,-0.11609220316252358,-0.03631318336736433,0.03258335337582857,0.0831313982710156,0.10985328632007393,0.10985328632007396,0.08313139827101562,0.03258335337582871,-0.03631318336736418,-0.11609220316252346,-0.19810841131580634,-0.2734740790612133,-0.334022166879705,-0.3731913499557653,-0.3867370395306067,-0.4472851273490983,-0.433739437774257,-0.39457025469819673,-0.3340221668797051,-0.25865649913429817,-0.17664029098101527,-0.09686127118585602,-0.02796473444266312,0.022583310452523903,0.04930519850158224,0.04930519850158227,0.02258331045252393,-0.02796473444266298,-0.09686127118585587,-0.17664029098101516,-0.25865649913429806,-0.334022166879705,-0.3945702546981967,-0.433739437774257,-0.4472851273490983,-0.48645431042515863,-0.4729086208503173,-0.43373943777425705,-0.3731913499557654,-0.2978256822103585,-0.2158094740570756,-0.13603045426191634,-0.06713391751872344,-0.01658587262353642,0.010136015425521921,0.01013601542552195,-0.01658587262353639,-0.0671339175187233,-0.13603045426191618,-0.21580947405707548,-0.2978256822103584,-0.3731913499557653,-0.433739437774257,-0.4729086208503173,-0.48645431042515863,-0.5,-0.48645431042515863,-0.4472851273490984,-0.38673703953060673,-0.3113713717851998,-0.22935516363191694,-0.14957614383675769,-0.08067960709356478,-0.03013156219837776,-0.0034096741493194194,-0.0034096741493193916,-0.03013156219837773,-0.08067960709356464,-0.14957614383675755,-0.22935516363191683,-0.3113713717851997,-0.3867370395306067,-0.4472851273490983,-0.48645431042515863,-0.5
-0.25,-0.23645431042515866,-0.1972851273490984,-0.13673703953060673,-0.06137137178519981,0.020644836368083067,0.10042385616324231,0.16932039290643522,0.21986843780162224,0.24659032585068058,0.2465903258506806,0.21986843780162227,0.16932039290643536,0.10042385616324247,0.020644836368083185,-0.0613713717851997,-0.13673703953060665,-0.19728512734909834,-0.23645431042515866,-0.25,-0.23645431042515866,1.6401204225699952,1.3401858288117652,0.8545110935689623,0.2569166601176427,-0.3736539943634745,-0.9541617769433032,-1.4051456854015616,-1.6594075566573847,-1.6697100070424278,-1.414412401173851,-0.9003704142476512,-0.16275954868843204,0.7381755199481461,1.723108354006975,2.7017171379907055,3.5819928595645156,4.279727094446911,4.727062621021005,-0.23645431042515866,-0.1972851273490984,1.557963497300139,0.08001185395666814,0.6714033582423004,1.3944548302763966,2.1430671751891675,2.8074368954136437,3.283301759088571,3.483372204679249,3.3476014044775884,2.8507021073654704,2.0059691250474954,0.864942636432225,-0.48708493160901617,-1.9392589323187535,-3.3661779355519292,-4.640520609168272,-5.645782858612358,4.518262269724431,-0.1972851273490984,-0.13673703953060673,1.4377810029555247,-0.07006573108558081,0.5352096959684057,1.277183034870026,2.049492593254591,2.741748964086016,3.2489228821720584,3.482832945070702,3.382453076045433,2.921464560022671,2.1121143801978954,1.0049143801550642,-0.31581711186016487,-1.7401116369807246,-3.1433287056163777,-4.39871915845421,-5.389982404791358,4.188821263873451,-0.13673703953060673,-0.06137137178519981,1.300122262892484,-0.27964016619432686,0.34489606881436846,1.1128807095370918,1.9175324562855245,2.647645903268225,3.1971606589366632,3.476717110870326,3.4240079748939425,3.0113712321366166,2.2496899809189945,1.1881334819516705,-0.09025988638203185,-1.4766981251676676,-2.84756831863143,-4.076924407051309,-5.048828129157499,3.7669081225728664,-0.06137137178519981,0.020644836368083067,1.1711773766463518,-0.5477721994234679,0.10094637354132704,0.901359563160889,1.7461023647327036,2.522941378937959,3.124552980720189,3.4601544665071975,3.4659039467199495,3.112537688832469,2.409314658891392,1.4038025851579237,0.17750561717677435,-1.1622065151690713,-2.4929814010220497,-3.6898894158238185,-4.637524304526848,3.2869541630360057,0.020644836368083067,0.10042385616324231,1.0790860854933464,-0.8728221528671694,-0.19564498477601683,0.6427352194909953,1.5342187873987216,2.3653603911991894,3.027376789534582,3.4278581635361025,3.5012191202488094,3.21638261413996,2.5807709788962536,1.6401386871753585,0.474246549089819,-0.8111622780747612,-2.0951927798800973,-3.2541174577833205,-4.173220802271737,2.7867860591385414,0.10042385616324231,0.16932039290643522,1.0503806276388452,-1.2516085272820185,-0.5424870957872522,0.3383514177007652,1.2819459973311302,2.1734901424878936,2.9025842312809127,3.375030176123286,3.523335283136059,3.3144440303854004,2.753776531982285,1.8851088099313151,0.7862944709165917,-0.4387112016179139,-1.6706278507402073,-2.7870814589959827,-3.6741833795905405,2.304037238712221,0.16932039290643522,0.21986843780162224,1.1066321060820468,-1.6788184784197808,-0.9351734644720738,-0.008567653631897855,0.9910821614027452,1.947498650252465,2.748551770418687,3.2981387839289615,3.5267420259942925,3.3992092340489894,2.9188398708177457,2.127313231831509,1.1004580142301674,-0.05967488277133882,-1.235534339975264,-2.3062118736174404,-3.1587508697115627,1.8725490564550753,0.21986843780162224,0.24659032585068058,1.2616032501552095,-2.1465951437769575,-1.3668394215906885,-0.39243921971490553,0.6656764030698112,1.6896926722926242,2.565679980163116,3.1955606448801035,3.5077211936105233,3.464841580229906,3.068029525057096,2.356796546775049,1.4048755649446996,0.3123426698210017,-0.8050499821760712,-1.8279286515224693,-2.6443368855841918,1.5192136291251455,0.24659032585068058,0.2465903258506806,1.519213629125139,-2.6443368855841967,-1.8279286515224815,-0.8050499821760678,0.31234266982100095,1.4048755649447005,2.356796546775048,3.068029525057099,3.4648415802299066,3.507721193610524,3.195560644880102,2.565679980163116,1.6896926722926267,0.6656764030698152,-0.3924392197149109,-1.3668394215906952,-2.1465951437769517,1.2616032501552095,0.2465903258506806,0.21986843780162227,1.8725490564550735,-3.158750869711564,-2.3062118736174484,-1.2355343399752616,-0.059674882771335674,1.1004580142301668,2.1273132318315087,2.918839870817745,3.3992092340489894,3.5267420259942917,3.298138783928962,2.7485517704186866,1.9474986502524654,0.9910821614027413,-0.008567653631899319,-0.9351734644720747,-1.6788184784197773,1.1066321060820437,0.21986843780162227,0.16932039290643536,2.3040372387122154,-3.67418337959054,-2.7870814589959783,-1.6706278507402084,-0.43871120161791566,0.7862944709165898,1.8851088099313156,2.753776531982285,3.3144440303854004,3.523335283136059,3.3750301761232833,2.902584231280912,2.173490142487894,1.28194599733113,0.3383514177007681,-0.5424870957872496,-1.2516085272820199,1.0503806276388434,0.16932039290643536,0.10042385616324247,2.78678605913854,-4.173220802271737,-3.254117457783317,-2.0951927798801,-0.8111622780747623,0.4742465490898192,1.640138687175359,2.580770978896255,3.21638261413996,3.5012191202488094,3.4278581635361034,3.0273767895345842,2.3653603911991925,1.5342187873987212,0.6427352194909972,-0.1956449847760134,-0.8728221528671718,1.0790860854933468,0.10042385616324247,0.020644836368083185,3.286954163036002,-4.6375243045268455,-3.6898894158238167,-2.492981401022052,-1.162206515169072,0.17750561717677382,1.4038025851579237,2.4093146588913927,3.1125376888324694,3.4659039467199495,3.4601544665071975,3.1245529807201917,2.5229413789379613,1.7461023647327014,0.9013595631608863,0.10094637354133275,-0.5477721994234689,1.1711773766463567,0.020644836368083185,-0.0613713717851997,3.766908122572865,-5.048828129157501,-4.076924407051309,-2.8475683186314336,-1.4766981251676699,-0.09025988638203294,1.1881334819516731,2.249689980918996,3.0113712321366166,3.4240079748939425,3.476717110870327,3.197160658936659,2.647645903268223,1.917532456285529,1.1128807095370927,0.34489606881436674,-0.27964016619432563,1.3001222628924853,-0.0613713717851997,-0.13673703953060665,4.188821263873448,-5.389982404791354,-4.3987191584542105,-3.1433287056163888,-1.7401116369807328,-0.3158171118601602,1.004914380155072,2.112114380197897,2.92146456002267,3.382453076045433,3.4828329450706996,3.2489228821720575,2.741748964086018,2.0494925932545938,1.2771830348700284,0.5352096959684068,-0.07006573108557884,1.4377810029555274,-0.13673703953060665,-0.19728512734909834,4.5182622697244295,-5.645782858612357,-4.640520609168273,-3.3661779355519323,-1.9392589323187563,-0.4870849316090151,0.8649426364322254,2.0059691250474967,2.8507021073654704,3.3476014044775875,3.4833722046792484,3.283301759088571,2.807436895413645,2.14306717518917,1.3944548302763944,0.6714033582423052,0.08001185395666832,1.5579634973001386,-0.19728512734909834,-0.23645431042515866,4.727062621021009,4.279727094446912,3.5819928595645183,2.7017171379907072,1.7231083540069771,0.7381755199481485,-0.16275954868843173,-0.9003704142476517,-1.414412401173851,-1.6697100070424273,-1.6594075566573834,-1.4051456854015616,-0.9541617769433035,-0.3736539943634767,0.256916660117644,0.8545110935689617,1.3401858288117612,1.6401204225699917,-0.23645431042515866,-0.25,-0.23645431042515866,-0.1972851273490984,-0.13673703953060673,-0.06137137178519981,0.020644836368083067,0.10042385616324231,0.16932039290643522,0.21986843780162224,0.24659032585068058,0.2465903258506806,0.21986843780162227,0.16932039290643536,0.10042385616324247,0.020644836368083185,-0.0613713717851997,-0.13673703953060665,-0.19728512734909834,-0.23645431042515866,-0.25
-0.25,-0.23645431042515866,-0.1972851273490984,-0.13673703953060673,-0.06137137178519981,0.020644836368083067,0.10042385616324231,0.16932039290643522,0.21986843780162224,0.24659032585068058,0.2465903258506806,0.21986843780162227,0.16932039290643536,0.10042385616324247,0.020644836368083185,-0.0613713717851997,-0.13673703953060665,-0.19728512734909834,-0.23645431042515866,-0.25,-0.23645431042515866,-3.8381716979229905,-3.5479859175157817,-2.9884605013739924,-2.287449800126189,-1.5312835525198025,-0.8088340768134041,-0.20526439674908978,0.2066072481677662,0.3742283720664703,0.2711840343579447,-0.09972499969493925,-0.7065592626452812,-1.4914750006779047,-2.376771800358333,-3.273101122463711,-4.0889445671140185,-4.740347641560137,-8.556427843232091,-0.23645431042515866,-0.1972851273490984,-3.980561734684624,0.6254680314273758,2.0050432272909693,2.517693868461238,3.627961792206976,4.606878335421201,5.29474606760664,5.55903820650371,5.309124743604903,4.5075187075006475,3.175641005609895,1.3932727279307893,-0.7083238072937151,-2.9589063472561907,-5.166003639355503,-3.858328726553334,-6.772111836028564,-5.1950319682855834,-0.1972851273490984,-0.13673703953060673,-3.5246562617076034,0.8220768314533964,2.0067297983777324,2.3395001760330847,3.278267125584622,4.109141404915701,4.697770808511433,4.932638348508534,4.737307637849781,4.079849835994094,2.9776980370717134,1.4972158320256514,-0.25203801946503623,-2.1277457343468704,-3.9687753046163063,-2.515605667677343,-5.055735712786753,-4.6550149934997025,-0.13673703953060673,-0.06137137178519981,-2.9628288584574185,0.08381298151168078,1.563990089219426,2.3187690895243223,3.7339330179473804,5.010174130401364,5.955676223373233,6.4100152035248215,6.261969046948503,5.463011548049676,4.034277111598456,2.0660456693853284,-0.2902671009871271,-2.836761695844678,-5.3486603924763045,-4.73646966301311,-7.608402709952619,-3.9773078559046726,-0.06137137178519981,0.020644836368083067,-2.3602846286997314,-0.3984337912794615,1.0628801070593352,1.8337725096471236,3.3266095094738413,4.693228062695599,5.739452592910204,6.30212879029554,6.267075916715595,5.582677195729266,4.266933247676226,2.4070347266965615,0.15144131068484085,-2.3046716736962423,-4.738865572580745,-4.338516075940087,-6.994883772273367,-3.2310041804462597,0.020644836368083067,0.10042385616324231,-1.7880539893028393,-0.9712208166227884,0.49087481243926145,1.2592649345588465,2.842642319930988,4.314339302263569,5.477442577164745,6.165664969456284,6.261451377251667,5.709671420085379,4.52476617693481,2.790413113063393,0.6516987444723569,-1.6993304400911167,-4.042956966900931,-3.866838397684189,-6.294417485939396,-2.49121934764372,0.10042385616324231,0.16932039290643522,-1.3149121199833664,-1.624049723882328,-0.1323128891625957,0.6060160060387368,2.290321720952625,3.8789248087800487,5.1718714192633275,5.999423761605135,6.240327383187958,5.83560944366954,4.795821321421409,3.200798210968203,1.191928000058616,-1.0421904976396517,-3.2848675056694256,-3.330288269168539,-5.531334663997311,-1.8313360858134948,0.16932039290643522,0.21986843780162224,-0.9996910073224391,-2.3438004568819566,-0.7864190767185859,-0.11273756958886068,1.6801256454211102,3.394301660566218,4.826575484314225,5.8035290137199596,6.199974824695657,5.952862031656948,5.068616101356626,3.62299428801812,1.7534519645169697,-0.3550903837837573,-2.4891953009380527,-2.739744841788041,-4.730697133565926,-1.3152882649574706,0.21986843780162224,0.24659032585068058,-0.8846865649162621,-3.114482927057198,-1.4514293824847437,-0.8810401536522531,1.0250440772439924,2.870082153067004,4.447464524322715,5.579953996535659,6.138289404583258,6.055200144119126,5.33284382163398,4.042758022494423,2.3183246054967532,0.34064596996254565,-1.6802304933372807,-2.108336175498322,-3.9172556816457047,-0.9908506429146985,0.24659032585068058,0.2465903258506806,-0.9908506429146925,-3.9172556816457087,-2.108336175498332,-1.680230493337279,0.34064596996254193,2.3183246054967555,4.042758022494423,5.3328438216339835,6.055200144119124,6.13828940458326,5.579953996535659,4.447464524322716,2.8700821530670035,1.0250440772439924,-0.881040153652255,-1.4514293824847448,-3.1144829270571956,-0.8846865649162674,0.2465903258506806,0.21986843780162227,-1.3152882649574622,-4.7306971335659265,-2.7397448417880432,-2.48919530093805,-0.3550903837837588,1.7534519645169688,3.62299428801812,5.068616101356625,5.952862031656948,6.199974824695657,5.8035290137199596,4.826575484314223,3.394301660566218,1.6801256454211067,-0.11273756958886125,-0.7864190767185841,-2.343800456881954,-0.9996910073224383,0.21986843780162227,0.16932039290643536,-1.831336085813491,-5.5313346639973116,-3.330288269168541,-3.2848675056694265,-1.0421904976396517,1.1919280000586143,3.200798210968203,4.795821321421409,5.835609443669539,6.240327383187958,5.999423761605133,5.171871419263327,3.878924808780049,2.2903217209526257,0.6060160060387364,-0.13231288916259462,-1.6240497238823264,-1.3149121199833629,0.16932039290643536,0.10042385616324247,-2.491219347643714,-6.294417485939399,-3.86683839768419,-4.042956966900934,-1.6993304400911156,0.6516987444723562,2.7904131130633933,4.524766176934812,5.709671420085379,6.261451377251668,6.165664969456285,5.477442577164744,4.314339302263572,2.8426423199309894,1.2592649345588478,0.4908748124392632,-0.9712208166227884,-1.7880539893028393,0.10042385616324247,0.020644836368083185,-3.2310041804462584,-6.994883772273366,-4.3385160759400865,-4.7388655725807505,-2.304671673696245,0.15144131068484085,2.4070347266965637,4.266933247676228,5.582677195729267,6.267075916715597,6.30212879029554,5.739452592910205,4.6932280626956,3.326609509473843,1.8337725096471231,1.0628801070593417,-0.3984337912794631,-2.360284628699733,0.020644836368083185,-0.0613713717851997,-3.9773078559046686,-7.608402709952619,-4.73646966301311,-5.348660392476311,-2.83676169584468,-0.29026710098712827,2.06604566938533,4.034277111598457,5.4630115480496775,6.261969046948502,6.41001520352482,5.955676223373231,5.0101741304013645,3.7339330179473817,2.318769089524323,1.5639900892194292,0.08381298151168126,-2.962828858457424,-0.0613713717851997,-0.13673703953060665,-4.655014993499702,-5.055735712786753,-2.5156056676773466,-3.9687753046163126,-2.1277457343468735,-0.2520380194650348,1.4972158320256543,2.977698037071716,4.079849835994094,4.737307637849781,4.932638348508532,4.697770808511435,4.109141404915701,3.2782671255846227,2.3395001760330874,2.006729798377737,0.822076831453397,-3.5246562617076056,-0.13673703953060665,-0.19728512734909834,-5.1950319682855834,-6.772111836028564,-3.8583287265533364,-5.166003639355505,-2.958906347256194,-0.7083238072937151,1.3932727279307895,3.1756410056098963,4.5075187075006475,5.309124743604902,5.559038206503711,5.2947460676066385,4.606878335421201,3.627961792206981,2.517693868461237,2.0050432272909733,0.6254680314273755,-3.9805617346846236,-0.19728512734909834,-0.23645431042515866,-8.556427843232095,-4.740347641560142,-4.08894456711402,-3.2731011224637125,-2.3767718003583345,-1.491475000677908,-0.7065592626452831,-0.09972499969494011,0.2711840343579447,0.37422837206647064,0.20660724816776552,-0.20526439674908978,-0.8088340768134028,-1.5312835525198032,-2.2874498001261854,-2.9884605013739933,-3.5479859175157777,-3.838171697922986,-0.23645431042515866,-0.25,-0.23645431042515866,-0.1972851273490984,-0.13673703953060673,-0.06137137178519981,0.020644836368083067,0.10042385616324231,0.16932039290643522,0.21986843780162224,0.24659032585068058,0.2465903258506806,0.21986843780162227,0.16932039290643536,0.10042385616324247,0.020644836368083185,-0.0613713717851997,-0.13673703953060665,-0.19728512734909834,-0.23645431042515866,-0.25
-0.25,-0.23645431042515866,-0.1972851273490984,-0.13673703953060673,-0.06137137178519981,0.020644836368083067,0.10042385616324231,0.16932039290643522,0.21986843780162224,0.24659032585068058,0.2465903258506806,0.21986843780162227,0.16932039290643536,0.10042385616324247,0.020644836368083185,-0.0613713717851997,-0.13673703953060665,-0.19728512734909834,-0.23645431042515866,-0.25,-0.23645431042515866,9.987455010363675,8.473342454220274,5.984647360842712,3.557620558597327,0.6207392614204835,-2.109816412694193,-4.271490177193519,-5.557975952499086,-5.7528377010355545,-4.754723483724004,-2.590459345960727,0.5856542125908316,4.506365948520626,8.818297424487032,13.118166962722178,15.03916092135948,20.95636708394227,21.058253996508427,-0.23645431042515866,-0.1972851273490984,9.611435316642753,0.9602012273911512,0.8622973413461817,3.355322756992875,4.876984507429755,5.910280747276533,6.748155667048856,7.054763288654257,6.716805087920982,5.6879102431149695,3.9955442822103477,1.7402522136323766,-0.912952248832819,-2.7571851868410397,-5.950113008486344,-7.47812053060576,-7.854207844189057,22.16372833522508,-0.1972851273490984,-0.13673703953060673,8.679428133952138,-0.482061408201953,-0.3112459914107205,2.3099992642166347,4.030549137705302,5.281968170976226,6.329418140008938,6.8173128422122735,6.61966456569132,5.682124597932886,4.029580780155207,1.7654895535255688,-0.9372269545403498,-2.9144324654105778,-6.164687879535159,-8.23631918943371,-8.825974374649713,17.837979120125034,-0.13673703953060673,-0.06137137178519981,7.805702518289919,0.5076315442307255,1.1755994521655166,3.4161926877280338,5.400377586326989,6.899043120695861,8.13271010887424,8.705035020743516,8.467279658167715,7.355282770618046,5.398490627873647,2.719188860718191,-0.4782283411383015,-3.0598033035867314,-6.789609729559304,-7.304779207578602,-8.806972234996504,17.466214244078976,-0.06137137178519981,0.020644836368083067,6.706948597887567,0.010017394235792386,0.8374129654984395,2.741920567064297,4.753107528383073,6.307575150844326,7.639005491594634,8.339788265264472,8.261795622434587,7.338677503750226,5.5947411870713655,3.1443326104735636,0.18158058854522433,-2.2547774125137154,-5.723554965488929,-6.1166481862457776,-7.636269931438704,14.9937110829718,0.020644836368083067,0.10042385616324231,5.769033347575045,-0.8548153105583673,0.28708625108399427,2.0231755651062726,4.274848974571476,6.071658127008164,7.656176771870338,8.579028986157269,8.67741453563306,7.875634661151463,6.194742471025783,3.7520176539680477,0.7501551830484705,-1.8494275976750454,-5.356381220670518,-5.937171538416409,-7.686408624792009,12.457922169903888,0.10042385616324231,0.16932039290643522,5.158254324107597,-1.7118781510248113,-0.364878903991009,1.0877425512644203,3.476287385186477,5.4088396801537115,7.181943946682398,8.30715454266121,8.616317614127922,8.02814587260461,6.558030644223491,4.317664315119849,1.5043929691752331,-1.017490076702173,-4.327875987275148,-4.932989990657058,-6.7264001521696954,10.06891334323984,0.16932039290643522,0.21986843780162224,5.013040785986789,-2.6497302647343806,-1.1245647559402845,0.06799930010193288,2.6139040384566776,4.682391165125732,6.65790590571326,8.000175256526397,8.53534502280817,8.176187562112993,6.932079056956672,4.908772226778504,2.2979158172400296,-0.13061661959590476,-3.2398468411097676,-3.91489094962052,-5.713022662796043,8.013275358191022,0.21986843780162224,0.24659032585068058,5.426869939850641,-3.6462837500426017,-1.9822185692272423,-1.0116594516375528,1.7095859964714526,3.9088027877188556,6.095153474827096,7.663433020304239,8.433878284673115,8.313109962390122,7.304277028586195,5.506980867588838,3.1069627747220014,0.7866483806973051,-2.1240894227041704,-2.920629363262108,-4.676544521133494,6.435990562417882,0.24659032585068058,0.2465903258506806,6.435990562417863,-4.676544521133498,-2.920629363262118,-2.1240894227041682,0.7866483806973036,3.1069627747220037,5.506980867588836,7.304277028586197,8.313109962390122,8.433878284673119,7.663433020304237,6.095153474827096,3.9088027877188587,1.7095859964714573,-1.0116594516375583,-1.98221856922725,-3.646283750042596,5.4268699398506515,0.2465903258506806,0.21986843780162227,8.013275358191002,-5.713022662796046,-3.914890949620525,-3.2398468411097654,-0.13061661959590143,2.2979158172400296,4.9087722267785034,6.932079056956672,8.176187562112993,8.53534502280817,8.000175256526399,6.6579059057132595,4.682391165125732,2.6139040384566754,0.067999300101932,-1.1245647559402832,-2.649730264734377,5.013040785986784,0.21986843780162227,0.16932039290643536,10.068913343239823,-6.726400152169696,-4.932989990657055,-4.32787598727515,-1.0174900767021775,1.504392969175232,4.31766431511985,6.558030644223491,8.02814587260461,8.616317614127922,8.307154542661209,7.181943946682398,5.408839680153711,3.476287385186478,1.0877425512644228,-0.36487890399100414,-1.7118781510248133,5.15825432410759,0.16932039290643536,0.10042385616324247,12.457922169903878,-7.686408624792012,-5.937171538416405,-5.356381220670522,-1.8494275976750476,0.75015518304847,3.752017653968049,6.194742471025784,7.875634661151463,8.67741453563306,8.579028986157269,7.656176771870339,6.0716581270081695,4.274848974571475,2.023175565106275,0.2870862510839991,-0.8548153105583686,5.769033347575044,0.10042385616324247,0.020644836368083185,14.993711082971785,-7.636269931438706,-6.1166481862457776,-5.723554965488933,-2.254777412513716,0.18158058854522258,3.144332610473564,5.594741187071366,7.338677503750227,8.261795622434587,8.33978826526447,7.639005491594637,6.307575150844329,4.753107528383073,2.7419205670642945,0.8374129654984451,0.010017394235792168,6.706948597887577,0.020644836368083185,-0.0613713717851997,17.466214244078966,-8.806972234996506,-7.304779207578602,-6.7896097295593085,-3.059803303586733,-0.4782283411383042,2.719188860718193,5.398490627873648,7.355282770618044,8.467279658167715,8.705035020743518,8.132710108874234,6.899043120695861,5.400377586326995,3.416192687728034,1.1755994521655149,0.5076315442307267,7.805702518289929,-0.0613713717851997,-0.13673703953060665,17.83797912012503,-8.825974374649713,-8.236319189433713,-6.164687879535171,-2.914432465410587,-0.9372269545403473,1.765489553525575,4.029580780155209,5.682124597932886,6.619664565691322,6.817312842212271,6.329418140008938,5.281968170976229,4.030549137705306,2.3099992642166365,-0.3112459914107197,-0.48206140820194954,8.679428133952147,-0.13673703953060665,-0.19728512734909834,22.16372833522508,-7.854207844189057,-7.478120530605762,-5.9501130084863485,-2.757185186841043,-0.9129522488328187,1.7402522136323766,3.995544282210349,5.68791024311497,6.716805087920982,7.0547632886542555,6.748155667048857,5.910280747276535,4.876984507429758,3.355322756992873,0.8622973413461882,0.9602012273911511,9.611435316642751,-0.19728512734909834,-0.23645431042515866,21.058253996508437,20.956367083942276,15.039160921359489,13.118166962722185,8.81829742448704,4.506365948520634,0.5856542125908366,-2.5904593459607255,-4.754723483724003,-5.7528377010355545,-5.557975952499084,-4.271490177193518,-2.109816412694194,0.6207392614204773,3.557620558597325,5.984647360842706,8.473342454220264,9.98745501036366,-0.23645431042515866,-0.25,-0.23645431042515866,-0.1972851273490984,-0.13673703953060673,-0.06137137178519981,0.020644836368083067,0.10042385616324231,0.16932039290643522,0.21986843780162224,0.24659032585068058,0.2465903258506806,0.21986843780162227,0.16932039290643536,0.10042385616324247,0.020644836368083185,-0.0613713717851997,-0.13673703953060665,-0.19728512734909834,-0.23645431042515866,-0.25
-0.25,-0.23645431042515866,-0.1972851273490984,-0.13673703953060673,-0.06137137178519981,0.020644836368083067,0.10042385616324231,0.16932039290643522,0.21986843780162224,0.24659032585068058,0.2465903258506806,0.21986843780162227,0.16932039290643536,0.10042385616324247,0.020644836368083185,-0.0613713717851997,-0.13673703953060665,-0.19728512734909834,-0.23645431042515866,-0.25,-0.23645431042515866,-24.486211911846436,-22.016377158730712,-16.449197336314,-11.693846897780466,-5.8234281180428935,0.06005904158612893,4.720871834068554,7.632785867221429,8.34994397189739,6.658830724506944,2.6050261319835073,-3.5079958176870876,-11.148038409047452,-20.200974512607008,-27.25896914986458,-34.46556146012839,-43.150238524156066,-51.70523407130317,-0.23645431042515866,-0.1972851273490984,-24.98638851562592,1.2714454629827485,5.486383308591873,4.006533328589988,5.210830636590977,6.9131534742392855,7.904517223743455,8.185480689559713,7.775237635608344,6.569226058155523,4.599505960098299,2.2834661970899344,-0.9155839453887298,-3.8597993414173404,-6.610309453878139,0.8674582668395495,-8.225225081821975,-46.257712113108965,-0.1972851273490984,-0.13673703953060673,-22.01788125012873,3.5541795635678675,6.760838308648562,4.3236397758788,4.747383184145551,5.690040979901385,6.1244499848884635,6.128164843735445,5.780350042468828,5.002944622829585,3.8163695277063048,2.570930015776939,0.6889431024296019,-0.9912621686023484,-2.378178332233381,4.81924190781951,-1.0949413443353222,-40.25398314541389,-0.13673703953060673,-0.06137137178519981,-20.087045380751835,0.8869757389761388,4.619515163700056,4.369482774732578,6.401153709046708,8.45375665487654,9.944690840703785,10.548420632778004,10.23111079874787,8.861180789178333,6.474834090025639,3.483051438245558,-0.4937215617021208,-3.5773085176804296,-7.539479150453253,-2.0509684861388404,-9.739007813763163,-35.878772313815595,-0.06137137178519981,0.020644836368083067,-17.057541078029118,-0.22346931111598978,3.293243174490336,3.2991625169172787,5.544932335916916,7.676730137816295,9.3762950352083,10.199235782150916,10.107015163417662,8.956981384337416,6.77938160734252,3.9549429155560714,0.16619948700664713,-2.811891418026231,-6.681389232041619,-2.4189301847529845,-9.303620406291685,-31.63569177441,0.020644836368083067,0.10042385616324231,-14.063087210366474,-0.6122494949821332,2.8351825458625357,2.816261149715034,5.357334892484376,7.624344178820656,9.574694157012482,10.61695080020881,10.707036553093644,9.68592662515047,7.580430626664471,4.746473267900946,0.9453829033184692,-2.1531891602860864,-6.133682467336473,-2.145696228749552,-8.449793427397484,-25.436911465938763,0.10042385616324231,0.16932039290643522,-11.87161988368742,-1.584570445907542,1.7770988185765564,1.6582011236377021,4.402971869382436,6.733487523447035,8.90976445379534,10.194328085298071,10.555369741688276,9.81700837122759,7.9985649252592275,5.4197653928341705,1.9041983642816283,-1.019690554965915,-4.806774403766292,-1.7626404292765097,-7.213153534028971,-20.222453638871794,0.16932039290643522,0.21986843780162224,-10.779103407283287,-2.724796347037314,0.7450668904182262,0.42433465771314355,3.4374241561533374,5.901056012485019,8.363973710220305,9.926913264331896,10.575815540756972,10.111733769751927,8.546796110459685,6.168474312394603,2.8642461438901385,0.017217570534812907,-3.650768281325894,-1.557689843009878,-6.31494943412442,-15.881465479339388,0.21986843780162224,0.24659032585068058,-11.03599372261724,-3.897245894158376,-0.1753249587017095,-0.9117487089660444,2.330217214710598,4.908829299998318,7.6474214422113125,9.48436431067529,10.437264478360008,10.281207911952334,9.02026863397601,6.909125757783299,3.887590775811389,1.1800252053495437,-2.2822341402627817,-0.9497362785567474,-5.104712396758884,-12.752211497705057,0.24659032585068058,0.2465903258506806,-12.752211497705016,-5.104712396758889,-0.9497362785567627,-2.2822341402627795,1.1800252053495393,3.8875907758113915,6.909125757783299,9.020268633976011,10.281207911952333,10.437264478360008,9.484364310675288,7.647421442211314,4.908829299998317,2.330217214710598,-0.9117487089660461,-0.17532495870170672,-3.8972458941583734,-11.035993722617265,0.2465903258506806,0.21986843780162227,-15.881465479339337,-6.314949434124425,-1.5576898430098862,-3.650768281325892,0.017217570534811728,2.8642461438901368,6.168474312394604,8.546796110459685,10.111733769751927,10.575815540756972,9.926913264331898,8.363973710220305,5.901056012485019,3.4374241561533347,0.4243346577131431,0.7450668904182269,-2.7247963470373113,-10.779103407283287,0.21986843780162227,0.16932039290643536,-20.222453638871755,-7.213153534028973,-1.7626404292765157,-4.806774403766294,-1.0196905549659154,1.904198364281626,5.419765392834169,7.998564925259228,9.817008371227589,10.555369741688276,10.194328085298066,8.90976445379534,6.733487523447039,4.402971869382438,1.658201123637701,1.7770988185765542,-1.5845704459075403,-11.871619883687407,0.16932039290643536,0.10042385616324247,-25.436911465938724,-8.449793427397488,-2.1456962287495553,-6.133682467336477,-2.1531891602860846,0.9453829033184683,4.746473267900946,7.580430626664471,9.68592662515047,10.707036553093648,10.616950800208812,9.57469415701248,7.6243441788206585,5.3573348924843796,2.8162611497150363,2.835182545862537,-0.6122494949821337,-14.063087210366474,0.10042385616324247,0.020644836368083185,-31.635691774409974,-9.303620406291683,-2.4189301847529876,-6.681389232041624,-2.811891418026235,0.16619948700664625,3.9549429155560745,6.77938160734252,8.956981384337414,10.107015163417662,10.199235782150916,9.376295035208301,7.676730137816297,5.5449323359169185,3.2991625169172787,3.293243174490345,-0.22346931111599125,-17.057541078029136,0.020644836368083185,-0.0613713717851997,-35.87877231381557,-9.739007813763164,-2.050968486138844,-7.53947915045326,-3.5773085176804322,-0.49372156170212256,3.4830514382455604,6.474834090025642,8.861180789178333,10.231110798747869,10.548420632778003,9.944690840703784,8.45375665487654,6.401153709046708,4.369482774732579,4.619515163700063,0.8869757389761393,-20.08704538075186,-0.0613713717851997,-0.13673703953060665,-40.253983145413876,-1.0949413443353209,4.819241907819506,-2.378178332233388,-0.9912621686023511,0.688943102429605,2.570930015776944,3.816369527706309,5.002944622829585,5.780350042468827,6.128164843735444,6.124449984888465,5.690040979901385,4.7473831841455505,4.323639775878803,6.760838308648566,3.554179563567867,-22.01788125012875,-0.13673703953060665,-0.19728512734909834,-46.25771211310897,-8.225225081821975,0.8674582668395477,-6.610309453878143,-3.859799341417344,-0.9155839453887307,2.283466197089935,4.5995059600983,6.569226058155522,7.775237635608345,8.185480689559713,7.904517223743453,6.9131534742392855,5.210830636590984,4.006533328589987,5.486383308591876,1.2714454629827485,-24.986388515625915,-0.19728512734909834,-0.23645431042515866,-51.70523407130319,-43.15023852415608,-34.465561460128406,-27.25896914986459,-20.20097451260703,-11.14803840904747,-3.5079958176871,2.605026131983501,6.658830724506942,8.349943971897389,7.632785867221429,4.720871834068551,0.06005904158613237,-5.823428118042886,-11.693846897780455,-16.449197336313986,-22.016377158730688,-24.48621191184641,-0.23645431042515866,-0.25,-0.23645431042515866,-0.1972851273490984,-0.13673703953060673,-0.06137137178519981,0.020644836368083067,0.10042385616324231,0.16932039290643522,0.21986843780162224,0.24659032585068058,0.2465903258506806,0.21986843780162227,0.16932039290643536,0.10042385616324247,0.020644836368083185,-0.0613713717851997,-0.13673703953060665,-0.19728512734909834,-0.23645431042515866,-0.25
